# accordionFoldDoors.obj Produced by Art of Illusion 2.6, Thu Jan 08 20:20:29 EST 2009
#
# Created by Pencilart
# Updated panes size by Emmanuel Puybaret / eTeks
#
# This file is distributed under Free Art License, see http://artlibre.org/licence/lal/en for more informations
# and under CC-BY Creative Commons Attribution 3.0 Unported license, see http://creativecommons.org/licenses/by/3.0/
# at your choice
# 
mtllib accordionFoldDoors.mtl
g Cube_2_1
v 2.960600 -1.585100 0.078600
v 2.829600 -1.585100 0.078600
v 2.895100 -1.585100 -0.000000
v 2.960600 -1.585100 -0.078600
v 2.829600 -1.585100 -0.078600
v 2.960600 0.163750 0.000000
v 2.960600 1.912600 -0.078600
v 2.960600 1.912600 0.078600
v 2.895100 0.163750 0.078600
v 2.829600 1.912600 0.078600
v 2.829600 0.163750 0.000000
v 2.829600 1.912600 -0.078600
v 2.895100 1.912600 0.000000
v 2.895100 0.163750 -0.078600
vn 0.000000 -1.000000 -0.000000
vn 1.000000 0.000000 0.000000
vn -0.000000 -0.000000 1.000000
vn -1.000000 0.000000 0.000000
vn 0.000000 1.000000 -0.000000
vn -0.000000 0.000000 -1.000000
usemtl white
s 1
f 1//1 2//1 3//1
f 4//1 1//1 3//1
f 5//1 4//1 3//1
f 2//1 5//1 3//1
f 1//2 4//2 6//2
f 4//2 7//2 6//2
f 7//2 8//2 6//2
f 8//2 1//2 6//2
f 2//3 1//3 9//3
f 1//3 8//3 9//3
f 8//3 10//3 9//3
f 10//3 2//3 9//3
f 5//4 2//4 11//4
f 2//4 10//4 11//4
f 10//4 12//4 11//4
f 12//4 5//4 11//4
f 10//5 8//5 13//5
f 8//5 7//5 13//5
f 7//5 12//5 13//5
f 12//5 10//5 13//5
f 4//6 5//6 14//6
f 5//6 12//6 14//6
f 12//6 7//6 14//6
f 7//6 4//6 14//6
g Cube_4_5
v 0.260100 -1.552315 -0.005320
v -0.567470 -1.552316 1.897960
v -0.189730 -1.552315 0.930650
v 0.188010 -1.552315 -0.036660
v -0.639550 -1.552316 1.866610
v 0.224050 -1.497725 -0.020990
v 0.188010 -1.458615 -0.036660
v 0.260100 -1.458615 -0.005320
v -0.153690 -1.497725 0.946320
v -0.567470 -1.458615 1.897960
v -0.603510 -1.497726 1.882290
v -0.639550 -1.458615 1.866610
v -0.189730 -1.458615 0.930650
v -0.225770 -1.497725 0.914980
vn 0.000000 -1.000000 0.000000
vn 0.398700 0.000000 -0.917100
vn 0.917100 0.000000 0.398700
vn 0.917100 0.000000 0.398800
vn -0.398900 -0.000100 0.917000
vn -0.398800 -0.000100 0.917000
vn -0.398800 0.000000 0.917000
vn -0.398800 0.000100 0.917000
vn -0.398900 0.000100 0.917000
vn -0.000000 1.000000 0.000000
vn -0.917100 0.000000 -0.398700
usemtl white
s 1
f 15//7 16//7 17//7
f 18//7 15//7 17//7
f 19//7 18//7 17//7
f 16//7 19//7 17//7
f 15//8 18//8 20//8
f 18//8 21//8 20//8
f 21//8 22//8 20//8
f 22//8 15//8 20//8
f 16//9 15//10 23//9
f 15//10 22//10 23//9
f 22//10 24//9 23//9
f 24//9 16//9 23//9
f 19//11 16//12 25//13
f 16//12 24//14 25//13
f 24//14 26//15 25//13
f 26//15 19//11 25//13
f 24//16 22//16 27//16
f 22//16 21//16 27//16
f 21//16 26//16 27//16
f 26//16 24//16 27//16
f 18//17 19//17 28//17
f 19//17 26//17 28//17
f 26//17 21//17 28//17
f 21//17 18//17 28//17
g Cube_1_2
v -0.699970 -0.081750 1.922050
v -0.726580 -0.081750 1.879720
v -0.692110 -0.081750 1.887580
v -0.657640 -0.081750 1.895440
v -0.684250 -0.081750 1.853110
v -0.678810 0.103250 1.908750
v -0.657640 0.288250 1.895440
v -0.699970 0.288250 1.922050
v -0.713280 0.103250 1.900890
v -0.726580 0.288250 1.879720
v -0.705420 0.103250 1.866420
v -0.684250 0.288250 1.853110
v -0.692110 0.288250 1.887580
v -0.670950 0.103250 1.874280
vn 0.000000 -1.000000 0.000000
vn 0.532200 -0.000000 0.846600
vn -0.846600 -0.000000 0.532200
vn -0.532200 0.000000 -0.846600
vn -0.000000 1.000000 0.000000
vn 0.846600 0.000000 -0.532200
usemtl white
s 1
f 29//18 30//18 31//18
f 32//18 29//18 31//18
f 33//18 32//18 31//18
f 30//18 33//18 31//18
f 29//19 32//19 34//19
f 32//19 35//19 34//19
f 35//19 36//19 34//19
f 36//19 29//19 34//19
f 30//20 29//20 37//20
f 29//20 36//20 37//20
f 36//20 38//20 37//20
f 38//20 30//20 37//20
f 33//21 30//21 39//21
f 30//21 38//21 39//21
f 38//21 40//21 39//21
f 40//21 33//21 39//21
f 38//22 36//22 41//22
f 36//22 35//22 41//22
f 35//22 40//22 41//22
f 40//22 38//22 41//22
f 32//23 33//23 42//23
f 33//23 40//23 42//23
f 40//23 35//23 42//23
f 35//23 32//23 42//23
g sweethome3d_window_pane2
v 0.245980 -1.487400 0.000100
v -0.573730 -1.487400 1.885290
v -0.172453 -1.487400 0.938505
v 0.193837 -1.487400 -0.023035
v -0.625873 -1.487400 1.862155
v 0.237407 0.189400 -0.004095
v 0.193837 1.866200 -0.023034
v 0.245980 1.866200 0.000100
v -0.163880 0.189400 0.942690
v -0.573730 1.866200 1.885290
v -0.582303 0.189400 1.881105
v -0.625873 1.866200 1.862156
v -0.172453 1.866200 0.938506
v -0.216013 0.189400 0.919565
vn 0.000000 -1.000000 -0.000000
vn 0.405700 -0.000200 -0.914000
vn 0.405400 -0.000200 -0.914100
vn 0.419200 0.000000 -0.907900
vn 0.405400 0.000200 -0.914100
vn 0.405700 0.000200 -0.914000
vn 0.917100 0.000000 0.398700
vn 0.917100 0.000000 0.398800
vn -0.405400 0.000200 0.914100
vn -0.405700 0.000200 0.914000
vn -0.418900 -0.000000 0.908000
vn -0.405700 -0.000200 0.914000
vn -0.405400 -0.000200 0.914100
vn -0.000000 1.000000 0.000000
vn -0.917100 0.000000 -0.398700
vn -0.917100 0.000000 -0.398800
usemtl Glass
s 1
f 43//24 44//24 45//24
f 46//24 43//24 45//24
f 47//24 46//24 45//24
f 44//24 47//24 45//24
f 43//25 46//26 48//27
f 46//26 49//28 48//27
f 49//28 50//29 48//27
f 50//29 43//25 48//27
f 44//30 43//31 51//31
f 43//31 50//31 51//31
f 50//31 52//30 51//31
f 52//30 44//30 51//31
f 47//32 44//33 53//34
f 44//33 52//35 53//34
f 52//35 54//36 53//34
f 54//36 47//32 53//34
f 52//37 50//37 55//37
f 50//37 49//37 55//37
f 49//37 54//37 55//37
f 54//37 52//37 55//37
f 46//38 47//39 56//39
f 47//39 54//39 56//39
f 54//39 49//38 56//39
f 49//38 46//38 56//39
g Cube_4_3
v -0.667790 1.790892 1.900950
v -1.577590 1.790892 0.035590
v -1.083950 1.790892 0.949370
v -0.590310 1.790892 1.863160
v -1.500100 1.790892 -0.002200
v -0.629050 1.856862 1.882050
v -0.590310 1.922832 1.863160
v -0.667790 1.922832 1.900950
v -1.122690 1.856862 0.968270
v -1.577590 1.922832 0.035590
v -1.538850 1.856862 0.016690
v -1.500100 1.922832 -0.002200
v -1.083950 1.922832 0.949370
v -1.045210 1.856862 0.930480
vn -0.000000 -1.000000 -0.000000
vn 0.438400 0.000000 0.898800
vn 0.438300 0.000000 0.898800
vn -0.898800 -0.000000 0.438400
vn -0.438300 -0.000100 -0.898800
vn -0.438400 -0.000100 -0.898800
vn -0.438300 0.000000 -0.898800
vn -0.438400 0.000100 -0.898800
vn -0.438300 0.000100 -0.898800
vn 0.000000 1.000000 0.000000
vn 0.898800 0.000000 -0.438400
usemtl white
s 1
f 57//40 58//40 59//40
f 60//40 57//40 59//40
f 61//40 60//40 59//40
f 58//40 61//40 59//40
f 57//41 60//42 62//41
f 60//42 63//42 62//41
f 63//42 64//41 62//41
f 64//41 57//41 62//41
f 58//43 57//43 65//43
f 57//43 64//43 65//43
f 64//43 66//43 65//43
f 66//43 58//43 65//43
f 61//44 58//45 67//46
f 58//45 66//47 67//46
f 66//47 68//48 67//46
f 68//48 61//44 67//46
f 66//49 64//49 69//49
f 64//49 63//49 69//49
f 63//49 68//49 69//49
f 68//49 66//49 69//49
f 60//50 61//50 70//50
f 61//50 68//50 70//50
f 68//50 63//50 70//50
f 63//50 60//50 70//50
g sweethome3d_window_pane1
v -0.667300 -1.466070 1.895110
v -1.568460 -1.482260 0.047530
v -1.075180 -1.474340 0.950490
v -0.619205 -1.466430 1.867967
v -1.520365 -1.482620 0.020387
v -0.624730 0.210490 1.859650
v -0.619465 1.887050 1.838698
v -0.667560 1.887400 1.865840
v -1.118010 0.202570 0.956690
v -1.568710 1.871210 0.018270
v -1.525880 0.194300 0.012080
v -1.520615 1.870860 -0.008872
v -1.075430 1.879130 0.921230
v -1.069915 0.202210 0.929548
vn -0.002000 -1.000000 0.009600
vn -0.001900 -1.000000 0.009800
vn -0.007600 -0.999900 0.012500
vn -0.002100 -1.000000 0.009700
vn -0.002000 -0.999900 0.009900
vn 0.490600 0.006000 0.871400
vn 0.492500 0.005900 0.870300
vn 0.612300 0.006900 0.790600
vn 0.492400 0.009300 0.870300
vn 0.490600 0.009300 0.871400
vn -0.898800 0.003800 0.438400
vn -0.492500 -0.005900 -0.870300
vn -0.490600 -0.006000 -0.871400
vn -0.612600 -0.006900 -0.790400
vn -0.490600 -0.009300 -0.871400
vn -0.492500 -0.009300 -0.870300
vn 0.001700 1.000000 -0.009700
vn 0.001800 1.000000 -0.009500
vn 0.007000 0.999900 -0.012200
vn 0.001900 1.000000 -0.009600
vn 0.001800 1.000000 -0.009800
vn 0.898800 -0.003800 -0.438400
usemtl Glass
s 1
f 71//51 72//52 73//53
f 74//54 71//51 73//53
f 75//55 74//54 73//53
f 72//52 75//55 73//53
f 71//56 74//57 76//58
f 74//57 77//59 76//58
f 77//59 78//60 76//58
f 78//60 71//56 76//58
f 72//61 71//61 79//61
f 71//61 78//61 79//61
f 78//61 80//61 79//61
f 80//61 72//61 79//61
f 75//62 72//63 81//64
f 72//63 80//65 81//64
f 80//65 82//66 81//64
f 82//66 75//62 81//64
f 80//67 78//68 83//69
f 78//68 77//70 83//69
f 77//70 82//71 83//69
f 82//71 80//67 83//69
f 74//72 75//72 84//72
f 75//72 82//72 84//72
f 82//72 77//72 84//72
f 77//72 74//72 84//72
g Cube_2_4
v 0.313910 -1.545800 -0.019350
v 0.265690 -1.545800 0.091550
v 0.217720 -1.545800 0.004760
v 0.169740 -1.545800 -0.082030
v 0.121530 -1.545800 0.028860
v 0.241830 0.196500 -0.050690
v 0.169740 1.938800 -0.082030
v 0.313910 1.938800 -0.019350
v 0.289800 0.196500 0.036100
v 0.265690 1.938800 0.091550
v 0.193610 0.196500 0.060200
v 0.121530 1.938800 0.028860
v 0.217720 1.938800 0.004760
v 0.145640 0.196500 -0.026580
vn 0.000000 -1.000000 0.000000
vn 0.398700 -0.000000 -0.917100
vn 0.917100 -0.000000 0.398700
vn -0.398800 0.000000 0.917000
vn 0.000000 1.000000 -0.000000
vn -0.917100 0.000000 -0.398700
usemtl white
s 1
f 85//73 86//73 87//73
f 88//73 85//73 87//73
f 89//73 88//73 87//73
f 86//73 89//73 87//73
f 85//74 88//74 90//74
f 88//74 91//74 90//74
f 91//74 92//74 90//74
f 92//74 85//74 90//74
f 86//75 85//75 93//75
f 85//75 92//75 93//75
f 92//75 94//75 93//75
f 94//75 86//75 93//75
f 89//76 86//76 95//76
f 86//76 94//76 95//76
f 94//76 96//76 95//76
f 96//76 89//76 95//76
f 94//77 92//77 97//77
f 92//77 91//77 97//77
f 91//77 96//77 97//77
f 96//77 94//77 97//77
f 88//78 89//78 98//78
f 89//78 96//78 98//78
f 96//78 91//78 98//78
f 91//78 88//78 98//78
g Cube_2
v -1.476270 -1.581177 0.078600
v -1.597190 -1.581177 0.078600
v -1.536730 -1.581177 -0.000000
v -1.476270 -1.581177 -0.078600
v -1.597190 -1.581177 -0.078600
v -1.476270 0.190740 0.000000
v -1.476270 1.913390 -0.078600
v -1.476270 1.913390 0.078600
v -1.536730 0.190740 0.078600
v -1.597190 1.913390 0.078600
v -1.597190 0.190740 0.000000
v -1.597190 1.913390 -0.078600
v -1.536730 1.913390 0.000000
v -1.536730 0.190740 -0.078600
vn 0.000000 -1.000000 -0.000000
vn 1.000000 0.000000 0.000000
vn 0.000000 -0.000000 1.000000
vn -1.000000 -0.000000 0.000000
vn 0.000000 1.000000 -0.000000
vn 0.000000 0.000000 -1.000000
usemtl white
s 1
f 99//79 100//79 101//79
f 102//79 99//79 101//79
f 103//79 102//79 101//79
f 100//79 103//79 101//79
f 99//80 102//80 104//80
f 102//80 105//80 104//80
f 105//80 106//80 104//80
f 106//80 99//80 104//80
f 100//81 99//81 107//81
f 99//81 106//81 107//81
f 106//81 108//81 107//81
f 108//81 100//81 107//81
f 103//82 100//82 109//82
f 100//82 108//82 109//82
f 108//82 110//82 109//82
f 110//82 103//82 109//82
f 108//83 106//83 111//83
f 106//83 105//83 111//83
f 105//83 110//83 111//83
f 110//83 108//83 111//83
f 102//84 103//84 112//84
f 103//84 110//84 112//84
f 110//84 105//84 112//84
f 105//84 102//84 112//84
g Cube_5_1
v 0.253360 0.091700 0.021350
v -0.566350 0.091700 1.906550
v -0.192540 0.091700 0.948280
v 0.181270 0.091700 -0.009990
v -0.638430 0.091700 1.875200
v 0.217320 0.131000 0.005680
v 0.181270 0.170300 -0.009990
v 0.253360 0.170300 0.021350
v -0.156500 0.131000 0.963950
v -0.566350 0.170300 1.906550
v -0.602390 0.131000 1.890870
v -0.638430 0.170300 1.875200
v -0.192540 0.170300 0.948280
v -0.228580 0.131000 0.932610
vn 0.000000 -1.000000 -0.000000
vn 0.398700 -0.000000 -0.917100
vn 0.917100 0.000000 0.398700
vn 0.917100 0.000000 0.398800
vn -0.398800 0.000100 0.917000
vn -0.398900 0.000100 0.917000
vn -0.398800 0.000000 0.917000
vn -0.398900 -0.000100 0.917000
vn -0.398800 -0.000100 0.917000
vn -0.000000 1.000000 0.000000
vn -0.917100 0.000000 -0.398700
usemtl white
s 1
f 113//85 114//85 115//85
f 116//85 113//85 115//85
f 117//85 116//85 115//85
f 114//85 117//85 115//85
f 113//86 116//86 118//86
f 116//86 119//86 118//86
f 119//86 120//86 118//86
f 120//86 113//86 118//86
f 114//87 113//88 121//87
f 113//88 120//88 121//87
f 120//88 122//87 121//87
f 122//87 114//87 121//87
f 117//89 114//90 123//91
f 114//90 122//92 123//91
f 122//92 124//93 123//91
f 124//93 117//89 123//91
f 122//94 120//94 125//94
f 120//94 119//94 125//94
f 119//94 124//94 125//94
f 124//94 122//94 125//94
f 116//95 117//95 126//95
f 117//95 124//95 126//95
f 124//95 119//95 126//95
f 119//95 116//95 126//95
g Cube_5_2
v 0.253360 -0.715320 0.021350
v -0.566350 -0.715321 1.906550
v -0.192540 -0.715320 0.948280
v 0.181270 -0.715320 -0.009990
v -0.638430 -0.715321 1.875200
v 0.217320 -0.676020 0.005680
v 0.181270 -0.636720 -0.009990
v 0.253360 -0.636720 0.021350
v -0.156500 -0.676020 0.963950
v -0.566350 -0.636721 1.906550
v -0.602390 -0.676021 1.890870
v -0.638430 -0.636721 1.875200
v -0.192540 -0.636720 0.948280
v -0.228580 -0.676020 0.932610
vn 0.000000 -1.000000 -0.000000
vn 0.398700 -0.000000 -0.917100
vn 0.917100 0.000000 0.398700
vn 0.917100 0.000000 0.398800
vn -0.398800 0.000100 0.917000
vn -0.398900 0.000100 0.917000
vn -0.398800 -0.000000 0.917000
vn -0.398900 -0.000100 0.917000
vn -0.398800 -0.000100 0.917000
vn -0.000000 1.000000 -0.000000
vn -0.917100 0.000000 -0.398700
usemtl white
s 1
f 127//96 128//96 129//96
f 130//96 127//96 129//96
f 131//96 130//96 129//96
f 128//96 131//96 129//96
f 127//97 130//97 132//97
f 130//97 133//97 132//97
f 133//97 134//97 132//97
f 134//97 127//97 132//97
f 128//98 127//99 135//99
f 127//99 134//99 135//99
f 134//99 136//98 135//99
f 136//98 128//98 135//99
f 131//100 128//101 137//102
f 128//101 136//103 137//102
f 136//103 138//104 137//102
f 138//104 131//100 137//102
f 136//105 134//105 139//105
f 134//105 133//105 139//105
f 133//105 138//105 139//105
f 138//105 136//105 139//105
f 130//106 131//106 140//106
f 131//106 138//106 140//106
f 138//106 133//106 140//106
f 133//106 130//106 140//106
g Cube_3_2
v -0.269636 -1.480300 1.221332
v -0.295486 -1.480300 1.286962
v -0.319126 -1.480300 1.239742
v -0.342766 -1.480300 1.192532
v -0.368616 -1.480300 1.258162
v -0.306196 0.203050 1.206933
v -0.342766 1.886400 1.192533
v -0.269636 1.886400 1.221333
v -0.282556 0.203050 1.254153
v -0.295486 1.886400 1.286963
v -0.332046 0.203050 1.272563
v -0.368616 1.886400 1.258163
v -0.319126 1.886400 1.239743
v -0.355686 0.203050 1.225343
vn 0.000000 -1.000000 0.000000
vn 0.366400 -0.000000 -0.930400
vn 0.930400 -0.000000 0.366500
vn -0.366400 0.000000 0.930400
vn 0.000000 1.000000 0.000000
vn -0.930400 0.000000 -0.366500
usemtl white
s 1
f 141//107 142//107 143//107
f 144//107 141//107 143//107
f 145//107 144//107 143//107
f 142//107 145//107 143//107
f 141//108 144//108 146//108
f 144//108 147//108 146//108
f 147//108 148//108 146//108
f 148//108 141//108 146//108
f 142//109 141//109 149//109
f 141//109 148//109 149//109
f 148//109 150//109 149//109
f 150//109 142//109 149//109
f 145//110 142//110 151//110
f 142//110 150//110 151//110
f 150//110 152//110 151//110
f 152//110 145//110 151//110
f 150//111 148//111 153//111
f 148//111 147//111 153//111
f 147//111 152//111 153//111
f 152//111 150//111 153//111
f 144//112 145//112 154//112
f 145//112 152//112 154//112
f 152//112 147//112 154//112
f 147//112 144//112 154//112
g Cube_4_1
v -0.684900 0.092779 1.887200
v -1.581640 0.092779 0.048610
v -1.097950 0.092779 0.950680
v -0.614250 0.092779 1.852740
v -1.510990 0.092779 0.014160
v -0.649580 0.132079 1.869970
v -0.614250 0.171379 1.852740
v -0.684900 0.171379 1.887200
v -1.133270 0.132079 0.967900
v -1.581640 0.171379 0.048610
v -1.546320 0.132079 0.031380
v -1.510990 0.171379 0.014160
v -1.097950 0.171379 0.950680
v -1.062620 0.132079 0.933450
vn -0.000000 -1.000000 -0.000000
vn 0.438400 0.000000 0.898800
vn -0.898800 0.000000 0.438400
vn -0.438200 -0.000100 -0.898900
vn -0.438400 -0.000100 -0.898800
vn -0.438300 0.000000 -0.898800
vn -0.438400 0.000100 -0.898800
vn -0.438200 0.000100 -0.898900
vn -0.000000 1.000000 0.000000
vn 0.898800 0.000000 -0.438400
usemtl white
s 1
f 155//113 156//113 157//113
f 158//113 155//113 157//113
f 159//113 158//113 157//113
f 156//113 159//113 157//113
f 155//114 158//114 160//114
f 158//114 161//114 160//114
f 161//114 162//114 160//114
f 162//114 155//114 160//114
f 156//115 155//115 163//115
f 155//115 162//115 163//115
f 162//115 164//115 163//115
f 164//115 156//115 163//115
f 159//116 156//117 165//118
f 156//117 164//119 165//118
f 164//119 166//120 165//118
f 166//120 159//116 165//118
f 164//121 162//121 167//121
f 162//121 161//121 167//121
f 161//121 166//121 167//121
f 166//121 164//121 167//121
f 158//122 159//122 168//122
f 159//122 166//122 168//122
f 166//122 161//122 168//122
f 161//122 158//122 168//122
g Cube_2_2
v -0.644340 -1.572960 1.950300
v -0.704800 -1.572960 1.845580
v -0.606500 -1.572960 1.858640
v -0.508200 -1.572960 1.871700
v -0.568660 -1.572960 1.766980
v -0.576270 0.169340 1.911000
v -0.508200 1.911640 1.871700
v -0.644340 1.911640 1.950300
v -0.674570 0.169340 1.897940
v -0.704800 1.911640 1.845580
v -0.636730 0.169340 1.806280
v -0.568660 1.911640 1.766980
v -0.606500 1.911640 1.858640
v -0.538430 0.169340 1.819340
vn 0.000000 -1.000000 -0.000000
vn 0.500000 -0.000000 0.866000
vn -0.866000 -0.000000 0.500000
vn -0.500000 0.000000 -0.866000
vn -0.000000 1.000000 -0.000000
vn 0.866000 0.000000 -0.500000
usemtl white
s 1
f 169//123 170//123 171//123
f 172//123 169//123 171//123
f 173//123 172//123 171//123
f 170//123 173//123 171//123
f 169//124 172//124 174//124
f 172//124 175//124 174//124
f 175//124 176//124 174//124
f 176//124 169//124 174//124
f 170//125 169//125 177//125
f 169//125 176//125 177//125
f 176//125 178//125 177//125
f 178//125 170//125 177//125
f 173//126 170//126 179//126
f 170//126 178//126 179//126
f 178//126 180//126 179//126
f 180//126 173//126 179//126
f 178//127 176//127 181//127
f 176//127 175//127 181//127
f 175//127 180//127 181//127
f 180//127 178//127 181//127
f 172//128 173//128 182//128
f 173//128 180//128 182//128
f 180//128 175//128 182//128
f 175//128 172//128 182//128
g Cube_4
v -0.684860 0.958183 1.857580
v -1.581590 0.958184 0.018990
v -1.097900 0.958184 0.921060
v -0.614210 0.958183 1.823120
v -1.510950 0.958184 -0.015460
v -0.649530 0.997483 1.840350
v -0.614210 1.036783 1.823120
v -0.684860 1.036783 1.857580
v -1.133230 0.997484 0.938290
v -1.581590 1.036784 0.018990
v -1.546270 0.997484 0.001760
v -1.510950 1.036784 -0.015460
v -1.097900 1.036784 0.921060
v -1.062580 0.997484 0.903830
vn 0.000000 -1.000000 -0.000000
vn 0.438400 -0.000000 0.898800
vn -0.898800 -0.000000 0.438400
vn -0.438300 -0.000100 -0.898800
vn -0.438400 -0.000100 -0.898800
vn -0.438300 -0.000000 -0.898800
vn -0.438400 0.000100 -0.898800
vn -0.438300 0.000100 -0.898800
vn 0.000000 1.000000 -0.000000
vn 0.898800 0.000000 -0.438400
usemtl white
s 1
f 183//129 184//129 185//129
f 186//129 183//129 185//129
f 187//129 186//129 185//129
f 184//129 187//129 185//129
f 183//130 186//130 188//130
f 186//130 189//130 188//130
f 189//130 190//130 188//130
f 190//130 183//130 188//130
f 184//131 183//131 191//131
f 183//131 190//131 191//131
f 190//131 192//131 191//131
f 192//131 184//131 191//131
f 187//132 184//133 193//134
f 184//133 192//135 193//134
f 192//135 194//136 193//134
f 194//136 187//132 193//134
f 192//137 190//137 195//137
f 190//137 189//137 195//137
f 189//137 194//137 195//137
f 194//137 192//137 195//137
f 186//138 187//138 196//138
f 187//138 194//138 196//138
f 194//138 189//138 196//138
f 189//138 186//138 196//138
g Cube_4_4
v -0.686090 -1.555220 1.877900
v -1.595890 -1.555220 0.012540
v -1.105660 -1.555220 0.927990
v -0.615440 -1.555220 1.843450
v -1.525240 -1.555220 -0.021920
v -0.650760 -1.506100 1.860670
v -0.615440 -1.456970 1.843450
v -0.686090 -1.456970 1.877900
v -1.140990 -1.506100 0.945220
v -1.595890 -1.456970 0.012540
v -1.560560 -1.506100 -0.004690
v -1.525240 -1.456970 -0.021920
v -1.105660 -1.456970 0.927990
v -1.070340 -1.506100 0.910770
vn -0.000000 -1.000000 0.000000
vn 0.438300 0.000000 0.898800
vn -0.898800 0.000000 0.438400
vn -0.438400 0.000000 -0.898800
vn 0.000000 1.000000 0.000000
vn 0.898800 0.000000 -0.438400
usemtl white
s 1
f 197//139 198//139 199//139
f 200//139 197//139 199//139
f 201//139 200//139 199//139
f 198//139 201//139 199//139
f 197//140 200//140 202//140
f 200//140 203//140 202//140
f 203//140 204//140 202//140
f 204//140 197//140 202//140
f 198//141 197//141 205//141
f 197//141 204//141 205//141
f 204//141 206//141 205//141
f 206//141 198//141 205//141
f 201//142 198//142 207//142
f 198//142 206//142 207//142
f 206//142 208//142 207//142
f 208//142 201//142 207//142
f 206//143 204//143 209//143
f 204//143 203//143 209//143
f 203//143 208//143 209//143
f 208//143 206//143 209//143
f 200//144 201//144 210//144
f 201//144 208//144 210//144
f 208//144 203//144 210//144
f 203//144 200//144 210//144
g Cube_3_3
v -0.002362 -1.506500 0.601425
v -0.030492 -1.506500 0.666115
v -0.052472 -1.506500 0.618095
v -0.074452 -1.506500 0.570085
v -0.102572 -1.506500 0.634775
v -0.038402 0.176850 0.585755
v -0.074452 1.860200 0.570086
v -0.002362 1.860200 0.601426
v -0.016432 0.176850 0.633765
v -0.030492 1.860200 0.666116
v -0.066532 0.176850 0.650445
v -0.102572 1.860200 0.634776
v -0.052472 1.860200 0.618096
v -0.088512 0.176850 0.602425
vn 0.000000 -1.000000 0.000000
vn 0.398700 -0.000000 -0.917100
vn 0.917100 0.000000 0.398800
vn 0.917000 0.000000 0.398800
vn -0.398700 -0.000000 0.917100
vn 0.000000 1.000000 0.000000
vn -0.917100 -0.000000 -0.398700
usemtl white
s 1
f 211//145 212//145 213//145
f 214//145 211//145 213//145
f 215//145 214//145 213//145
f 212//145 215//145 213//145
f 211//146 214//146 216//146
f 214//146 217//146 216//146
f 217//146 218//146 216//146
f 218//146 211//146 216//146
f 212//147 211//148 219//148
f 211//148 218//148 219//148
f 218//148 220//147 219//148
f 220//147 212//147 219//148
f 215//149 212//149 221//149
f 212//149 220//149 221//149
f 220//149 222//149 221//149
f 222//149 215//149 221//149
f 220//150 218//150 223//150
f 218//150 217//150 223//150
f 217//150 222//150 223//150
f 222//150 220//150 223//150
f 214//151 215//151 224//151
f 215//151 222//151 224//151
f 222//151 217//151 224//151
f 217//151 214//151 224//151
g Cube_2_3
v -0.485530 -1.568170 1.837610
v -0.533750 -1.568170 1.948500
v -0.581720 -1.568170 1.861720
v -0.629690 -1.568170 1.774930
v -0.677910 -1.568170 1.885820
v -0.557610 0.184330 1.806270
v -0.629690 1.936820 1.774930
v -0.485530 1.936820 1.837610
v -0.509640 0.184330 1.893060
v -0.533750 1.936820 1.948500
v -0.605830 0.184330 1.917160
v -0.677910 1.936820 1.885820
v -0.581720 1.936820 1.861720
v -0.653800 0.184330 1.830370
vn -0.000000 -1.000000 -0.000000
vn 0.398700 0.000000 -0.917100
vn 0.917000 -0.000000 0.398800
vn -0.398700 -0.000000 0.917100
vn 0.000000 1.000000 -0.000000
vn -0.917000 -0.000000 -0.398800
usemtl white
s 1
f 225//152 226//152 227//152
f 228//152 225//152 227//152
f 229//152 228//152 227//152
f 226//152 229//152 227//152
f 225//153 228//153 230//153
f 228//153 231//153 230//153
f 231//153 232//153 230//153
f 232//153 225//153 230//153
f 226//154 225//154 233//154
f 225//154 232//154 233//154
f 232//154 234//154 233//154
f 234//154 226//154 233//154
f 229//155 226//155 235//155
f 226//155 234//155 235//155
f 234//155 236//155 235//155
f 236//155 229//155 235//155
f 234//156 232//156 237//156
f 232//156 231//156 237//156
f 231//156 236//156 237//156
f 236//156 234//156 237//156
f 228//157 229//157 238//157
f 229//157 236//157 238//157
f 236//157 231//157 238//157
f 231//157 228//157 238//157
g Cube_5
v 0.253360 0.961005 0.021350
v -0.566350 0.961004 1.906550
v -0.192540 0.961004 0.948280
v 0.181270 0.961005 -0.009990
v -0.638430 0.961004 1.875200
v 0.217320 1.000305 0.005680
v 0.181270 1.039605 -0.009990
v 0.253360 1.039605 0.021350
v -0.156500 1.000304 0.963950
v -0.566350 1.039604 1.906550
v -0.602390 1.000304 1.890870
v -0.638430 1.039604 1.875200
v -0.192540 1.039605 0.948280
v -0.228580 1.000304 0.932610
vn 0.000000 -1.000000 0.000000
vn 0.398700 -0.000000 -0.917100
vn 0.917100 0.000000 0.398700
vn 0.917100 0.000000 0.398800
vn -0.398800 0.000100 0.917000
vn -0.398900 0.000100 0.917000
vn -0.398800 0.000000 0.917000
vn -0.398900 -0.000100 0.917000
vn -0.398800 -0.000100 0.917000
vn -0.000000 1.000000 0.000000
vn -0.917100 0.000000 -0.398700
usemtl white
s 1
f 239//158 240//158 241//158
f 242//158 239//158 241//158
f 243//158 242//158 241//158
f 240//158 243//158 241//158
f 239//159 242//159 244//159
f 242//159 245//159 244//159
f 245//159 246//159 244//159
f 246//159 239//159 244//159
f 240//160 239//161 247//160
f 239//161 246//161 247//160
f 246//161 248//160 247//160
f 248//160 240//160 247//160
f 243//162 240//163 249//164
f 240//163 248//165 249//164
f 248//165 250//166 249//164
f 250//166 243//162 249//164
f 248//167 246//167 251//167
f 246//167 245//167 251//167
f 245//167 250//167 251//167
f 250//167 248//167 251//167
f 242//168 243//168 252//168
f 243//168 250//168 252//168
f 250//168 245//168 252//168
f 245//168 242//168 252//168
g Cube_3
v -1.252671 -1.527720 0.696883
v -1.283591 -1.527720 0.633483
v -1.232801 -1.527720 0.647953
v -1.182021 -1.527720 0.662423
v -1.212941 -1.527720 0.599023
v -1.217341 0.155630 0.679653
v -1.182021 1.838980 0.662423
v -1.252671 1.838980 0.696883
v -1.268131 0.155630 0.665183
v -1.283591 1.838980 0.633483
v -1.248260 0.155630 0.616253
v -1.212941 1.838980 0.599023
v -1.232801 1.838980 0.647953
v -1.197481 0.155630 0.630723
vn 0.000000 -1.000000 -0.000000
vn 0.438400 -0.000000 0.898800
vn -0.898800 -0.000000 0.438300
vn -0.438400 0.000000 -0.898800
vn 0.000000 1.000000 0.000000
vn 0.898800 0.000000 -0.438300
usemtl white
s 1
f 253//169 254//169 255//169
f 256//169 253//169 255//169
f 257//169 256//169 255//169
f 254//169 257//169 255//169
f 253//170 256//170 258//170
f 256//170 259//170 258//170
f 259//170 260//170 258//170
f 260//170 253//170 258//170
f 254//171 253//171 261//171
f 253//171 260//171 261//171
f 260//171 262//171 261//171
f 262//171 254//171 261//171
f 257//172 254//172 263//172
f 254//172 262//172 263//172
f 262//172 264//172 263//172
f 264//172 257//172 263//172
f 262//173 260//173 265//173
f 260//173 259//173 265//173
f 259//173 264//173 265//173
f 264//173 262//173 265//173
f 256//174 257//174 266//174
f 257//174 264//174 266//174
f 264//174 259//174 266//174
f 259//174 256//174 266//174
g Cube_2_5
v -1.554100 -1.558900 0.094120
v -1.607110 -1.558900 -0.014560
v -1.509960 -1.558900 0.005320
v -1.412810 -1.558900 0.025210
v -1.465820 -1.558900 -0.083480
v -1.483450 0.150650 0.059670
v -1.412810 1.860200 0.025210
v -1.554100 1.860200 0.094120
v -1.580600 0.150650 0.039780
v -1.607110 1.860200 -0.014560
v -1.536460 0.150650 -0.049020
v -1.465820 1.860200 -0.083480
v -1.509960 1.860200 0.005320
v -1.439310 0.150650 -0.029130
vn 0.000000 -1.000000 -0.000000
vn 0.438400 -0.000000 0.898800
vn -0.898800 0.000000 0.438400
vn -0.438400 0.000000 -0.898800
vn 0.000000 1.000000 -0.000000
vn 0.898800 -0.000000 -0.438400
usemtl white
s 1
f 267//175 268//175 269//175
f 270//175 267//175 269//175
f 271//175 270//175 269//175
f 268//175 271//175 269//175
f 267//176 270//176 272//176
f 270//176 273//176 272//176
f 273//176 274//176 272//176
f 274//176 267//176 272//176
f 268//177 267//177 275//177
f 267//177 274//177 275//177
f 274//177 276//177 275//177
f 276//177 268//177 275//177
f 271//178 268//178 277//178
f 268//178 276//178 277//178
f 276//178 278//178 277//178
f 278//178 271//178 277//178
f 276//179 274//179 279//179
f 274//179 273//179 279//179
f 273//179 278//179 279//179
f 278//179 276//179 279//179
f 270//180 271//180 280//180
f 271//180 278//180 280//180
f 278//180 273//180 280//180
f 273//180 270//180 280//180
g Cube_1
v 2.960505 1.807800 0.065500
v -1.605853 1.807800 0.065500
v 0.666497 1.807800 0.000000
v 2.960505 1.807800 -0.065500
v -1.605853 1.807800 -0.065500
v 2.960505 1.873300 0.000000
v 2.960505 1.938800 -0.065500
v 2.960505 1.938800 0.065500
v 0.666497 1.873300 0.065500
v -1.605853 1.938800 0.065500
v -1.605853 1.873300 0.000000
v -1.605853 1.938800 -0.065500
v 0.666497 1.938800 0.000000
v 0.666497 1.873300 -0.065500
vn 0.000000 -1.000000 0.000000
vn 1.000000 -0.000000 0.000000
vn 0.000000 -0.000000 1.000000
vn -1.000000 0.000000 0.000000
vn 0.000000 1.000000 0.000000
vn 0.000000 0.000000 -1.000000
usemtl white
s 1
f 281//181 282//181 283//181
f 284//181 281//181 283//181
f 285//181 284//181 283//181
f 282//181 285//181 283//181
f 281//182 284//182 286//182
f 284//182 287//182 286//182
f 287//182 288//182 286//182
f 288//182 281//182 286//182
f 282//183 281//183 289//183
f 281//183 288//183 289//183
f 288//183 290//183 289//183
f 290//183 282//183 289//183
f 285//184 282//184 291//184
f 282//184 290//184 291//184
f 290//184 292//184 291//184
f 292//184 285//184 291//184
f 290//185 288//185 293//185
f 288//185 287//185 293//185
f 287//185 292//185 293//185
f 292//185 290//185 293//185
f 284//186 285//186 294//186
f 285//186 292//186 294//186
f 292//186 287//186 294//186
f 287//186 284//186 294//186
g Cube_1_1
v 2.950520 -1.581380 0.065500
v -1.594170 -1.581380 0.065500
v 0.678180 -1.581380 -0.000000
v 2.950520 -1.581380 -0.065500
v -1.594170 -1.581380 -0.065500
v 2.950520 -1.565010 -0.000000
v 2.950520 -1.548630 -0.065500
v 2.950520 -1.548630 0.065500
v 0.678180 -1.565010 0.065500
v -1.594170 -1.548630 0.065500
v -1.594170 -1.565010 -0.000000
v -1.594170 -1.548630 -0.065500
v 0.678180 -1.548630 -0.000000
v 0.678180 -1.565010 -0.065500
vn 0.000000 -1.000000 -0.000000
vn 1.000000 0.000000 0.000000
vn 0.000000 0.000000 1.000000
vn -1.000000 0.000000 0.000000
vn 0.000000 1.000000 0.000000
vn 0.000000 0.000000 -1.000000
usemtl white
s 1
f 295//187 296//187 297//187
f 298//187 295//187 297//187
f 299//187 298//187 297//187
f 296//187 299//187 297//187
f 295//188 298//188 300//188
f 298//188 301//188 300//188
f 301//188 302//188 300//188
f 302//188 295//188 300//188
f 296//189 295//189 303//189
f 295//189 302//189 303//189
f 302//189 304//189 303//189
f 304//189 296//189 303//189
f 299//190 296//190 305//190
f 296//190 304//190 305//190
f 304//190 306//190 305//190
f 306//190 299//190 305//190
f 304//191 302//191 307//191
f 302//191 301//191 307//191
f 301//191 306//191 307//191
f 306//191 304//191 307//191
f 298//192 299//192 308//192
f 299//192 306//192 308//192
f 306//192 301//192 308//192
f 301//192 298//192 308//192
g Cube_4_6
v 0.246910 1.786520 0.029550
v -0.580660 1.786520 1.932820
v -0.202910 1.786520 0.965510
v 0.174830 1.786520 -0.001790
v -0.652740 1.786520 1.901480
v 0.210870 1.860210 0.013880
v 0.174830 1.933900 -0.001790
v 0.246910 1.933900 0.029550
v -0.166870 1.860210 0.981180
v -0.580660 1.933900 1.932820
v -0.616700 1.860210 1.917150
v -0.652740 1.933900 1.901480
v -0.202910 1.933900 0.965510
v -0.238950 1.860210 0.949840
vn 0.000000 -1.000000 -0.000000
vn 0.398700 0.000000 -0.917100
vn 0.917100 -0.000000 0.398800
vn 0.917100 -0.000000 0.398700
vn -0.398700 -0.000000 0.917100
vn -0.000000 1.000000 -0.000000
vn -0.917100 0.000000 -0.398700
vn -0.917100 0.000000 -0.398800
usemtl white
s 1
f 309//193 310//193 311//193
f 312//193 309//193 311//193
f 313//193 312//193 311//193
f 310//193 313//193 311//193
f 309//194 312//194 314//194
f 312//194 315//194 314//194
f 315//194 316//194 314//194
f 316//194 309//194 314//194
f 310//195 309//196 317//195
f 309//196 316//196 317//195
f 316//196 318//195 317//195
f 318//195 310//195 317//195
f 313//197 310//197 319//197
f 310//197 318//197 319//197
f 318//197 320//197 319//197
f 320//197 313//197 319//197
f 318//198 316//198 321//198
f 316//198 315//198 321//198
f 315//198 320//198 321//198
f 320//198 318//198 321//198
f 312//199 313//200 322//200
f 313//200 320//200 322//200
f 320//200 315//199 322//200
f 315//199 312//199 322//200
g Cube_3_1
v -0.960322 -1.490220 1.304758
v -0.991242 -1.490220 1.241358
v -0.940462 -1.490220 1.255828
v -0.889682 -1.490220 1.270298
v -0.920602 -1.490220 1.206898
v -0.925002 0.193130 1.287528
v -0.889682 1.876480 1.270298
v -0.960322 1.876480 1.304758
v -0.975782 0.193130 1.273058
v -0.991242 1.876480 1.241358
v -0.955922 0.193130 1.224128
v -0.920602 1.876480 1.206898
v -0.940462 1.876480 1.255828
v -0.905142 0.193130 1.238598
vn 0.000000 -1.000000 0.000000
vn 0.438400 -0.000000 0.898800
vn -0.898800 -0.000000 0.438300
vn -0.438400 0.000000 -0.898800
vn 0.000000 1.000000 -0.000000
vn 0.898800 0.000000 -0.438300
usemtl white
s 1
f 323//201 324//201 325//201
f 326//201 323//201 325//201
f 327//201 326//201 325//201
f 324//201 327//201 325//201
f 323//202 326//202 328//202
f 326//202 329//202 328//202
f 329//202 330//202 328//202
f 330//202 323//202 328//202
f 324//203 323//203 331//203
f 323//203 330//203 331//203
f 330//203 332//203 331//203
f 332//203 324//203 331//203
f 327//204 324//204 333//204
f 324//204 332//204 333//204
f 332//204 334//204 333//204
f 334//204 327//204 333//204
f 332//205 330//205 335//205
f 330//205 329//205 335//205
f 329//205 334//205 335//205
f 334//205 332//205 335//205
f 326//206 327//206 336//206
f 327//206 334//206 336//206
f 334//206 329//206 336//206
f 329//206 326//206 336//206
g Cube_4_2
v -0.693180 -0.716386 1.865640
v -1.589920 -0.716385 0.027050
v -1.106230 -0.716385 0.929120
v -0.622530 -0.716386 1.831190
v -1.519270 -0.716385 -0.007400
v -0.657860 -0.677086 1.848410
v -0.622530 -0.637786 1.831190
v -0.693180 -0.637786 1.865640
v -1.141550 -0.677085 0.946350
v -1.589920 -0.637785 0.027050
v -1.554600 -0.677085 0.009830
v -1.519270 -0.637785 -0.007400
v -1.106230 -0.637785 0.929120
v -1.070900 -0.677085 0.911890
vn -0.000000 -1.000000 0.000000
vn 0.438400 0.000100 0.898800
vn 0.438500 -0.000100 0.898700
vn 0.438300 0.000000 0.898800
vn 0.438200 -0.000100 0.898900
vn 0.438400 -0.000100 0.898800
vn -0.898800 -0.000000 0.438400
vn -0.438300 0.000000 -0.898800
vn 0.000000 1.000000 0.000000
vn 0.898800 -0.000000 -0.438400
usemtl white
s 1
f 337//207 338//207 339//207
f 340//207 337//207 339//207
f 341//207 340//207 339//207
f 338//207 341//207 339//207
f 337//208 340//209 342//210
f 340//209 343//211 342//210
f 343//211 344//212 342//210
f 344//212 337//208 342//210
f 338//213 337//213 345//213
f 337//213 344//213 345//213
f 344//213 346//213 345//213
f 346//213 338//213 345//213
f 341//214 338//214 347//214
f 338//214 346//214 347//214
f 346//214 348//214 347//214
f 348//214 341//214 347//214
f 346//215 344//215 349//215
f 344//215 343//215 349//215
f 343//215 348//215 349//215
f 348//215 346//215 349//215
f 340//216 341//216 350//216
f 341//216 348//216 350//216
f 348//216 343//216 350//216
f 343//216 340//216 350//216
